20 90 1 20
1 2
2 3
3 4
4 5
5 6
6 7
7 8
8 9
9 10
10 11
11 12
12 13
13 14
14 15
15 16
16 17
17 18
18 19
19 20
12 16
5 8
8 17
1 11
17 19
3 5
1 18
11 16
7 18
4 20
2 8
9 20
6 19
6 16
7 20
4 12
8 20
7 11
5 11
6 8
14 20
3 19
10 18
6 17
7 12
12 17
3 17
14 17
3 10
5 14
16 18
1 13
1 17
8 16
3 7
12 15
7 14
1 3
3 18
4 7
7 19
11 15
10 17
15 18
2 13
5 19
12 19
1 14
4 19
14 19
10 19
6 12
8 18
4 14
5 17
12 20
15 20
2 15
4 10
11 14
2 7
6 13
3 13
13 18
11 18
5 15
1 16
5 12
11 13
9 18
9 14
